Label:CPU Time of Kshingle::Str Size:Edit Dist:CPU Time(s)
X:1000.000000 1000.000000 1000.000000 3000.000000 3000.000000 3000.000000 5000.000000 5000.000000 5000.000000 
Y:1.000000 500.000000 999.000000 1.000000 500.000000 999.000000 1.000000 500.000000 999.000000 
Z:0.258976 0.723434 0.645964 0.946504 1.781561 1.939081 1.906778 3.318638 3.415935 
Label:Comm Cost of Kshingle::Str Size:Edit Dist:Comm Cost(Bytes)
X:1000.000000 1000.000000 1000.000000 3000.000000 3000.000000 3000.000000 5000.000000 5000.000000 5000.000000 
Y:1.000000 500.000000 999.000000 1.000000 500.000000 999.000000 1.000000 500.000000 999.000000 
Z:41593.000000 321767.000000 322085.000000 53575.000000 546348.000000 743333.000000 53669.000000 898796.000000 840957.000000 
Label:Space of Kshingle::Str Size:Edit Dist:Space(Bytes)
X:1000.000000 1000.000000 1000.000000 3000.000000 3000.000000 3000.000000 5000.000000 5000.000000 5000.000000 
Y:1.000000 500.000000 999.000000 1.000000 500.000000 999.000000 1.000000 500.000000 999.000000 
Z:28315648.000000 221184.000000 0.000000 59899904.000000 3571712.000000 1474560.000000 127987712.000000 46243840.000000 28774400.000000 
