Label:SetDiff3D:Kshingle:Edit Dist:Shingle Len:Set Diff
X:1.000000,1.000000,50.000000,50.000000,99.000000,99.000000,
Y:2.000000,6.000000,2.000000,6.000000,2.000000,6.000000,
Z:2.000000,5.000000,77.000000,249.000000,145.000000,435.000000,
Label:SetDiff3D:Kshingle:Str Len:Edit Dist:Set Diff
X:500.000000,500.000000,500.000000,750.000000,750.000000,750.000000,
Y:1.000000,50.000000,99.000000,1.000000,50.000000,99.000000,
Z:3.000000,149.000000,246.000000,3.000000,155.000000,274.000000,
Label:SetDiff3D:Kshingle:Str Len:Shingle Len:Set Diff
X:500.000000,500.000000,750.000000,750.000000,
Y:2.000000,6.000000,2.000000,6.000000,
Z:25.000000,104.000000,28.000000,109.000000,
