Label:SetDiff2D:Kshingle:Edit Dist:Set Diff
X:1.000000,1.000000,50.000000,50.000000,99.000000,99.000000,
Y:20.000000,20.000000,636.000000,572.000000,802.000000,844.000000,
Label:SetDiff2D:Kshingle:Shingle Len:Set Diff
X:2.000000,2.000000,6.000000,6.000000,
Y:29.000000,29.000000,99.000000,108.000000,
Label:SetDiff2D:Kshingle:Str Size:Set Diff
X:500.000000,500.000000,750.000000,750.000000,
Y:67.000000,69.000000,65.000000,68.000000,
