Label:Strata Est:Set Size:Set Diff: Est
X:4999.000000 2333.000000 1000.000000 3666.000000 4999.000000 2333.000000 1000.000000 3666.000000 4999.000000 2333.000000 1000.000000 3666.000000 4999.000000 2333.000000 1000.000000 3666.000000 4999.000000 2333.000000 1000.000000 3666.000000 4999.000000 2333.000000 1000.000000 3666.000000 4999.000000 2333.000000 1000.000000 3666.000000 4999.000000 2333.000000 1000.000000 3666.000000 4999.000000 2333.000000 1000.000000 3666.000000 4999.000000 2333.000000 1000.000000 3666.000000 4999.000000 2333.000000 1000.000000 3666.000000 4999.000000 2333.000000 1000.000000 3666.000000 4999.000000 2333.000000 1000.000000 3666.000000 4999.000000 2333.000000 1000.000000 3666.000000 4999.000000 2333.000000 1000.000000 3666.000000 4999.000000 2333.000000 1000.000000 3666.000000 4999.000000 2333.000000 1000.000000 3666.000000 4999.000000 2333.000000 1000.000000 3666.000000 4999.000000 2333.000000 1000.000000 3666.000000 4999.000000 2333.000000 1000.000000 3666.000000 
Y:0.000000 0.000000 0.000000 0.000000 0.000000 0.000000 0.000000 0.000000 0.000000 0.000000 0.000000 0.000000 0.000000 0.000000 0.000000 0.000000 0.000000 0.000000 0.000000 0.000000 166.000000 77.000000 33.000000 122.000000 166.000000 77.000000 33.000000 122.000000 166.000000 77.000000 33.000000 122.000000 166.000000 77.000000 33.000000 122.000000 166.000000 77.000000 33.000000 122.000000 332.000000 154.000000 66.000000 244.000000 332.000000 154.000000 66.000000 244.000000 332.000000 154.000000 66.000000 244.000000 332.000000 154.000000 66.000000 244.000000 332.000000 154.000000 66.000000 244.000000 498.000000 231.000000 99.000000 366.000000 498.000000 231.000000 99.000000 366.000000 498.000000 231.000000 99.000000 366.000000 498.000000 231.000000 99.000000 366.000000 498.000000 231.000000 99.000000 366.000000 
Z:0.000000 0.000000 0.000000 0.000000 0.000000 0.000000 0.000000 0.000000 0.000000 0.000000 0.000000 0.000000 0.000000 0.000000 0.000000 0.000000 0.000000 0.000000 0.000000 0.000000 288.000000 66.000000 28.000000 120.000000 128.000000 84.000000 32.000000 132.000000 136.000000 72.000000 30.000000 128.000000 336.000000 80.000000 34.000000 152.000000 272.000000 62.000000 30.000000 156.000000 288.000000 312.000000 62.000000 336.000000 320.000000 132.000000 48.000000 272.000000 288.000000 168.000000 62.000000 304.000000 416.000000 148.000000 74.000000 328.000000 280.000000 184.000000 60.000000 352.000000 512.000000 384.000000 80.000000 368.000000 544.000000 248.000000 70.000000 496.000000 656.000000 248.000000 100.000000 1536.000000 544.000000 200.000000 92.000000 296.000000 608.000000 296.000000 156.000000 384.000000 
