Label:Strata Est:Set Size:Set Diff: Est
X:1000.000000 1000.000000 1000.000000 1000.000000 1000.000000 1000.000000 1000.000000 1000.000000 1000.000000 1000.000000 1000.000000 1000.000000 1000.000000 1000.000000 1000.000000 1000.000000 1000.000000 1000.000000 1000.000000 1000.000000 1000.000000 1000.000000 1000.000000 1000.000000 10000.000000 10000.000000 10000.000000 10000.000000 10000.000000 10000.000000 10000.000000 10000.000000 10000.000000 10000.000000 10000.000000 10000.000000 10000.000000 10000.000000 10000.000000 10000.000000 10000.000000 10000.000000 10000.000000 10000.000000 10000.000000 10000.000000 10000.000000 10000.000000 
Y:0.000000 0.000000 0.000000 0.000000 0.000000 0.000000 0.000000 0.000000 0.000000 0.000000 0.000000 0.000000 100.000000 100.000000 100.000000 100.000000 100.000000 100.000000 100.000000 100.000000 100.000000 100.000000 100.000000 100.000000 0.000000 0.000000 0.000000 0.000000 0.000000 0.000000 0.000000 0.000000 0.000000 0.000000 0.000000 0.000000 1000.000000 1000.000000 1000.000000 1000.000000 1000.000000 1000.000000 1000.000000 1000.000000 1000.000000 1000.000000 1000.000000 1000.000000 
Z:0.000000 0.000000 0.000000 0.000000 0.000000 0.000000 0.000000 0.000000 0.000000 0.000000 0.000000 0.000000 152.000000 92.000000 116.000000 172.000000 100.000000 148.000000 88.000000 136.000000 74.000000 80.000000 200.000000 136.000000 0.000000 0.000000 0.000000 0.000000 0.000000 0.000000 0.000000 0.000000 0.000000 0.000000 0.000000 0.000000 1056.000000 1856.000000 1472.000000 1280.000000 1312.000000 960.000000 992.000000 1312.000000 1120.000000 1248.000000 704.000000 1120.000000 
