Label:Strata Est:Set Size:Set Diff: Est
X:1000.000000 1000.000000 1000.000000 1000.000000 1000.000000 1000.000000 1000.000000 1000.000000 10000.000000 10000.000000 10000.000000 10000.000000 10000.000000 10000.000000 10000.000000 10000.000000 
Y:0.000000 0.000000 0.000000 0.000000 100.000000 100.000000 100.000000 100.000000 0.000000 0.000000 0.000000 0.000000 1000.000000 1000.000000 1000.000000 1000.000000 
Z:0.000000 0.000000 0.000000 0.000000 116.000000 92.000000 94.000000 112.000000 0.000000 0.000000 0.000000 0.000000 992.000000 1216.000000 1280.000000 1408.000000 
