Label:Strata Est:Set Size:Set Diff: Est
X:5000.000000 5000.000000 5000.000000 5000.000000 5000.000000 5000.000000 5000.000000 5000.000000 5000.000000 5000.000000 10000.000000 10000.000000 10000.000000 10000.000000 10000.000000 10000.000000 10000.000000 10000.000000 10000.000000 10000.000000 
Y:0.000000 0.000000 0.000000 0.000000 0.000000 500.000000 500.000000 500.000000 500.000000 500.000000 0.000000 0.000000 0.000000 0.000000 0.000000 1000.000000 1000.000000 1000.000000 1000.000000 1000.000000 
Z:0.000000 0.000000 0.000000 0.000000 0.000000 768.000000 528.000000 528.000000 608.000000 1248.000000 0.000000 0.000000 0.000000 0.000000 0.000000 1216.000000 1216.000000 3328.000000 1088.000000 1280.000000 
