Label:Strata Est:Set Size:Set Diff: Est
X:1000.000000 1000.000000 100000.000000 100000.000000 100000.000000 100000.000000 100000.000000 100000.000000 100000.000000 100000.000000 100000.000000 100000.000000 
Y:0.000000 100.000000 0.000000 0.000000 0.000000 0.000000 0.000000 10000.000000 10000.000000 10000.000000 10000.000000 10000.000000 
Z:0.000000 160.000000 0.000000 0.000000 0.000000 0.000000 0.000000 8192.000000 17408.000000 10752.000000 10240.000000 8192.000000 
