Label:Strata Est:Set Size:Set Diff: Est
X:1000.000000 1000.000000 1000.000000 1000.000000 1000.000000 2333.000000 2333.000000 2333.000000 2333.000000 2333.000000 3666.000000 3666.000000 3666.000000 3666.000000 3666.000000 4999.000000 4999.000000 4999.000000 4999.000000 4999.000000 1000.000000 1000.000000 1000.000000 1000.000000 1000.000000 2333.000000 2333.000000 2333.000000 2333.000000 2333.000000 3666.000000 3666.000000 3666.000000 3666.000000 3666.000000 4999.000000 4999.000000 4999.000000 4999.000000 4999.000000 1000.000000 1000.000000 1000.000000 1000.000000 1000.000000 2333.000000 2333.000000 2333.000000 2333.000000 2333.000000 3666.000000 3666.000000 3666.000000 3666.000000 3666.000000 4999.000000 4999.000000 4999.000000 4999.000000 4999.000000 1000.000000 1000.000000 1000.000000 1000.000000 1000.000000 2333.000000 2333.000000 2333.000000 2333.000000 2333.000000 3666.000000 3666.000000 3666.000000 3666.000000 3666.000000 4999.000000 4999.000000 4999.000000 4999.000000 4999.000000 
Y:0.000000 0.000000 0.000000 0.000000 0.000000 0.000000 0.000000 0.000000 0.000000 0.000000 0.000000 0.000000 0.000000 0.000000 0.000000 0.000000 0.000000 0.000000 0.000000 0.000000 33.000000 33.000000 33.000000 33.000000 33.000000 77.000000 77.000000 77.000000 77.000000 77.000000 122.000000 122.000000 122.000000 122.000000 122.000000 166.000000 166.000000 166.000000 166.000000 166.000000 66.000000 66.000000 66.000000 66.000000 66.000000 154.000000 154.000000 154.000000 154.000000 154.000000 244.000000 244.000000 244.000000 244.000000 244.000000 332.000000 332.000000 332.000000 332.000000 332.000000 99.000000 99.000000 99.000000 99.000000 99.000000 231.000000 231.000000 231.000000 231.000000 231.000000 366.000000 366.000000 366.000000 366.000000 366.000000 498.000000 498.000000 498.000000 498.000000 498.000000 
Z:0.000000 0.000000 0.000000 0.000000 0.000000 0.000000 0.000000 0.000000 0.000000 0.000000 0.000000 0.000000 0.000000 0.000000 0.000000 0.000000 0.000000 0.000000 0.000000 0.000000 34.000000 32.000000 32.000000 32.000000 30.000000 66.000000 152.000000 74.000000 112.000000 92.000000 144.000000 128.000000 116.000000 152.000000 148.000000 520.000000 140.000000 152.000000 184.000000 360.000000 82.000000 74.000000 60.000000 60.000000 56.000000 320.000000 336.000000 160.000000 172.000000 176.000000 184.000000 256.000000 264.000000 184.000000 344.000000 328.000000 544.000000 896.000000 280.000000 304.000000 108.000000 84.000000 144.000000 164.000000 164.000000 384.000000 264.000000 200.000000 272.000000 392.000000 864.000000 496.000000 352.000000 592.000000 344.000000 784.000000 624.000000 368.000000 416.000000 464.000000 
