Label:Strata Est:Set Size:Set Diff: Est
X:5000.000000,5000.000000,52500.000000,52500.000000,
Y:0.000000,5000.000000,0.000000,5000.000000,
Z:0.000000,3968.000000,0.000000,9472.000000,
