Label:Strata Est:Set Size:Set Diff: Est
X:5000.000000 5000.000000 5000.000000 5000.000000 5000.000000 5000.000000 52500.000000 52500.000000 52500.000000 52500.000000 52500.000000 52500.000000 100000.000000 100000.000000 100000.000000 100000.000000 100000.000000 100000.000000 
Y:0.000000 0.000000 250.000000 250.000000 500.000000 500.000000 0.000000 0.000000 2625.000000 2625.000000 5250.000000 5250.000000 0.000000 0.000000 5000.000000 5000.000000 10000.000000 10000.000000 
Z:0.000000 0.000000 304.000000 304.000000 544.000000 768.000000 0.000000 0.000000 2176.000000 2880.000000 9728.000000 12032.000000 0.000000 0.000000 5120.000000 22528.000000 9216.000000 11520.000000 
