Label:Strata Est:Set Size:Set Diff: Est
X:1000.000000 1000.000000 1000.000000 1000.000000 1000.000000 1000.000000 1000.000000 1000.000000 1000.000000 1000.000000 1000.000000 1000.000000 1000.000000 1000.000000 1000.000000 1000.000000 1000.000000 1000.000000 1000.000000 1000.000000 2333.000000 2333.000000 2333.000000 2333.000000 2333.000000 2333.000000 2333.000000 2333.000000 2333.000000 2333.000000 2333.000000 2333.000000 2333.000000 2333.000000 2333.000000 2333.000000 2333.000000 2333.000000 2333.000000 2333.000000 3666.000000 3666.000000 3666.000000 3666.000000 3666.000000 3666.000000 3666.000000 3666.000000 3666.000000 3666.000000 3666.000000 3666.000000 3666.000000 3666.000000 3666.000000 3666.000000 3666.000000 3666.000000 3666.000000 3666.000000 4999.000000 4999.000000 4999.000000 4999.000000 4999.000000 4999.000000 4999.000000 4999.000000 4999.000000 4999.000000 4999.000000 4999.000000 4999.000000 4999.000000 4999.000000 4999.000000 4999.000000 4999.000000 4999.000000 4999.000000 
Y:0.000000 0.000000 0.000000 0.000000 0.000000 33.000000 33.000000 33.000000 33.000000 33.000000 66.000000 66.000000 66.000000 66.000000 66.000000 99.000000 99.000000 99.000000 99.000000 99.000000 0.000000 0.000000 0.000000 0.000000 0.000000 77.000000 77.000000 77.000000 77.000000 77.000000 154.000000 154.000000 154.000000 154.000000 154.000000 231.000000 231.000000 231.000000 231.000000 231.000000 0.000000 0.000000 0.000000 0.000000 0.000000 122.000000 122.000000 122.000000 122.000000 122.000000 244.000000 244.000000 244.000000 244.000000 244.000000 366.000000 366.000000 366.000000 366.000000 366.000000 0.000000 0.000000 0.000000 0.000000 0.000000 166.000000 166.000000 166.000000 166.000000 166.000000 332.000000 332.000000 332.000000 332.000000 332.000000 498.000000 498.000000 498.000000 498.000000 498.000000 
Z:0.000000 0.000000 0.000000 0.000000 0.000000 28.000000 26.000000 36.000000 22.000000 38.000000 66.000000 76.000000 66.000000 60.000000 72.000000 148.000000 124.000000 180.000000 116.000000 100.000000 0.000000 0.000000 0.000000 0.000000 0.000000 58.000000 80.000000 66.000000 62.000000 78.000000 344.000000 184.000000 144.000000 232.000000 172.000000 288.000000 224.000000 288.000000 304.000000 440.000000 0.000000 0.000000 0.000000 0.000000 0.000000 180.000000 148.000000 120.000000 132.000000 132.000000 272.000000 264.000000 256.000000 296.000000 256.000000 320.000000 576.000000 328.000000 376.000000 480.000000 0.000000 0.000000 0.000000 0.000000 0.000000 168.000000 168.000000 216.000000 164.000000 176.000000 464.000000 480.000000 312.000000 288.000000 656.000000 784.000000 624.000000 368.000000 416.000000 464.000000 
